  19:10:28.7 ea27-ea28   1096: 434.001  -45.6 4000000   267.411  -49.6 4000000      -55.91    287.57   -323.37
  19:10:28.7 ea26-ea28   3517: 65.485   129.6 4000000   18.111  -170.5 4000000      893.98   -289.45    242.73
  19:10:28.7 ea26-ea27   4160: 110.605   171.4 4000000    90.104   158.0 4000000      949.89   -577.01    566.11
  19:10:28.7 ea25-ea28   3187: 141.792    96.1 4000000    53.406   110.2 4000000     -779.79   -341.85    465.73
  19:10:28.7 ea25-ea27   3590:  84.549   122.0 4000000   108.911    99.3 4000000     -723.88   -629.42    789.10
  19:10:28.7 ea25-ea26   6267: 25.720   -49.5 4000000   13.978  -109.5 4000000    -1673.77    -52.41    223.00
  19:10:28.7 ea24-ea28   4152: 48.770   -40.8 4000000   55.328   -27.4 4000000    -1015.89   -445.73    606.40
  19:10:28.7 ea24-ea27   4521: 72.249  -160.6 4000000   32.761    78.9 4000000     -959.98   -733.30    929.78
  19:10:28.7 ea24-ea26   7172: 47.551  -175.3 4000000   51.869   153.6 4000000    -1909.87   -156.29    363.67
  19:10:28.7 ea24-ea25    965: 320.199  -137.1 4000000   272.678  -137.2 4000000     -236.10   -103.88    140.67
  19:10:28.7 ea23-ea28   6392: 18.817  -176.3 4000000   42.275    -2.6 4000000    -1563.75   -686.83    932.70
  19:10:28.7 ea23-ea27   6719: 37.547    71.9 4000000   30.958    73.0 4000000    -1507.84   -974.40   1256.08
  19:10:28.7 ea23-ea26   9318: 16.298   -57.4 4000000    4.566  -136.7 4000000    -2457.74   -397.39    689.97
  19:10:28.7 ea23-ea25   3206: 121.622    65.0 4000000   105.549    53.9 4000000     -783.96   -344.98    466.97
  19:10:28.7 ea23-ea24   2240: 167.525   159.7 4000000   123.118  -166.3 4000000     -547.86   -241.10    326.30
  19:10:28.7 ea22-ea28    138: 91.772   -7.9 4000000   54.382  -15.0 4000000       -7.01     36.16    -40.66
  19:10:28.7 ea22-ea27    959: 40.010  30.3 4000000   20.158  61.7 4000000       48.90   -251.41    282.71
  19:10:28.7 ea22-ea26   3585: 14.148  -161.0 4000000    8.842  -157.2 4000000     -901.00    325.60   -283.40
  19:10:28.7 ea22-ea25   3220: 17.097  -104.6 4000000    5.398  -113.9 4000000      772.78    378.01   -506.39
  19:10:28.7 ea22-ea24   4184: 12.110   -90.9 4000000    2.789   119.2 4000000     1008.88    481.89   -647.07
  19:10:28.7 ea22-ea23   6424: 7.750  -117.6 4000000   4.670   167.3 4000000     1556.74    722.99   -973.37
  19:10:28.7 ea21-ea28   4581: 103.755   169.6 4000000    51.037  -179.4 4000000     1164.72   -376.22    317.04
  19:10:28.7 ea21-ea27   5200: 127.808  -153.5 4000000    49.088  -163.6 4000000     1220.62   -663.79    640.41
  19:10:28.7 ea21-ea26   1064: 106.598  77.8 4000000   121.776  75.0 4000000      270.73    -86.78     74.30
  19:10:28.7 ea21-ea25   7279: 91.379   103.3 4000000   34.764   162.4 4000000     1944.51    -34.37   -148.69
  19:10:28.7 ea21-ea24   8165: 43.962  -112.8 4000000    3.976  -172.9 4000000     2180.61     69.51   -289.36
  19:10:28.7 ea21-ea23  10277: 37.728    47.5 4000000   16.384  -133.3 4000000     2728.47    310.61   -615.66
  19:10:28.7 ea21-ea22   4649: 17.739  -121.8 4000000    6.022  -150.0 4000000     1171.73   -412.38    357.70
  19:10:28.7 ea20-ea28    339: 401.727  -95.2 4000000   314.562  -80.0 4000000      -17.26     88.87    -99.93
  19:10:28.7 ea20-ea27    758: 183.539  -73.2 4000000   134.770  -49.5 4000000       38.65   -198.69    223.45
  19:10:28.7 ea20-ea26   3693: 52.654   128.7 4000000   29.626   108.3 4000000     -911.24    378.32   -342.66
  19:10:28.7 ea20-ea25   3278: 53.084   175.8 4000000   63.054  -166.9 4000000      762.53    430.73   -565.66
  19:10:28.7 ea20-ea24   4239: 32.982   -30.6 4000000   43.555   -61.1 4000000      998.63    534.61   -706.33
  19:10:28.7 ea20-ea23   6475: 10.711    69.5 4000000   27.161   -59.5 4000000     1546.50    775.70  -1032.63
  19:10:28.7 ea20-ea22    201: 27.879  -30.5 4000000   25.365  -13.7 4000000      -10.24     52.72    -59.26
  19:10:28.7 ea20-ea21   4754: 38.911    65.0 4000000   47.088    84.7 4000000    -1181.97    465.10   -416.96
  19:10:28.7 ea17-ea28    534: 208.345  64.2 4000000   106.160  61.1 4000000      135.87    -43.79     37.01
  19:10:28.7 ea17-ea27   1433: 103.227    57.3 4000000    79.386    63.9 4000000      191.77   -331.36    360.39
  19:10:28.7 ea17-ea26   2983: 52.695  -109.9 4000000   21.571   -71.7 4000000     -758.12    245.65   -205.72
  19:10:28.7 ea17-ea25   3604: 77.776   -45.1 4000000   26.837   -94.1 4000000      915.65    298.06   -428.72
  19:10:28.7 ea17-ea24   4565: 22.009    48.1 4000000   40.715    71.0 4000000     1151.76    401.94   -569.39
  19:10:28.7 ea17-ea23   6801: 11.990   126.3 4000000   29.325   142.0 4000000     1699.62    643.04   -895.69
  19:10:28.7 ea17-ea22    613: 22.984  95.4 4000000   23.858 105.0 4000000      142.88    -79.95     77.68
  19:10:28.7 ea17-ea21   4047: 45.970   178.6 4000000   75.766  -168.7 4000000    -1028.85    332.43   -280.02
  19:10:28.7 ea17-ea20    758: 105.727   142.0 4000000   113.311   121.2 4000000      153.12   -132.67    136.94
  19:10:28.7 ea15-ea28   1070: 324.754  74.6 4000000   206.386  65.2 4000000      272.18    -87.85     74.16
  19:10:28.7 ea15-ea27   1866: 203.290    95.4 4000000   230.830    80.2 4000000      328.09   -375.42    397.54
  19:10:28.7 ea15-ea26   2446:  68.230  -119.3 4000000    88.198  -121.6 4000000     -621.80    201.60   -168.57
  19:10:28.7 ea15-ea25   4050: 112.698   -38.5 4000000   125.540   -39.9 4000000     1051.97    254.00   -391.57
  19:10:28.7 ea15-ea24   5003: 70.753    64.1 4000000   68.735   -18.5 4000000     1288.07    357.88   -532.24
  19:10:28.7 ea15-ea23   7228: 12.651   -42.9 4000000   54.997   128.8 4000000     1835.94    598.98   -858.54
  19:10:28.7 ea15-ea22   1143: 29.710    88.4 4000000   23.879    87.2 4000000      279.19   -124.01    114.83
  19:10:28.7 ea15-ea21   3510: 142.031  -160.1 4000000   109.597  -178.4 4000000     -892.53    288.37   -242.87
  19:10:28.7 ea15-ea20   1269: 92.674   157.8 4000000   53.900   159.8 4000000      289.44   -176.72    174.09
  19:10:28.7 ea15-ea17    536: 248.126  37.1 4000000   179.504  38.5 4000000      136.32    -44.06     37.15
  19:10:28.7 ea14-ea28   1754: 239.162   -94.7 4000000   168.058  -101.4 4000000      445.86   -144.66    120.81
  19:10:28.7 ea14-ea27   2479: 221.740   -69.5 4000000   173.086   -71.2 4000000      501.76   -432.23    444.18
  19:10:28.7 ea14-ea26   1763: 120.477   110.6 4000000    91.401   109.0 4000000     -448.13    144.78   -121.92
  19:10:28.7 ea14-ea25   4646: 108.951  -137.1 4000000    43.410  -176.1 4000000     1225.65    197.19   -344.92
  19:10:28.7 ea14-ea24   5586: 31.529  -130.8 4000000   13.638   -54.4 4000000     1461.75    301.07   -485.59
  19:10:28.7 ea14-ea23   7790: 79.981  -105.2 4000000   52.989    85.7 4000000     2009.61    542.17   -811.89
  19:10:28.7 ea14-ea22   1825: 34.289   -76.4 4000000   23.532   -79.7 4000000      452.87   -180.82    161.47
  19:10:28.7 ea14-ea21   2827: 175.948    88.1 4000000    93.103    85.1 4000000     -718.86    231.56   -196.23
  19:10:28.7 ea14-ea20   1941:  66.943    19.2 4000000    78.460     0.4 4000000      463.11   -233.54    220.73
  19:10:28.7 ea14-ea17   1220: 73.039  -152.8 4000000   39.573  -132.2 4000000      309.99   -100.87     83.80
  19:10:28.7 ea14-ea15    684: 304.091  -116.0 4000000   267.384  -113.6 4000000      173.67    -56.81     46.65
  19:10:28.7 ea13-ea28    483:  60.243    85.2 4000000   110.335     8.8 4000000     -118.24    -51.94     70.56
  19:10:28.7 ea13-ea27   1292: 291.965 170.2 4000000   217.916 153.8 4000000      -62.33   -339.50    393.94
  19:10:28.7 ea13-ea26   3891: 110.427     7.5 4000000    94.353   -43.2 4000000    -1012.23    237.51   -172.17
  19:10:28.7 ea13-ea25   2703: 117.677    65.0 4000000   141.518    95.8 4000000      661.55    289.92   -395.16
  19:10:28.7 ea13-ea24   3669:  21.609   111.6 4000000    42.921    91.2 4000000      897.65    393.80   -535.84
  19:10:28.7 ea13-ea23   5909:  5.229  -174.7 4000000   24.518    90.5 4000000     1445.51    634.89   -862.14
  19:10:28.7 ea13-ea22    531: 44.772  -170.1 4000000   41.061   169.3 4000000     -111.23    -88.09    111.23
  19:10:28.7 ea13-ea21   4953:  33.812   -22.3 4000000   134.074   -63.3 4000000    -1282.96    324.29   -246.47
  19:10:28.7 ea13-ea20    649: 108.039  -141.9 4000000   100.858  -173.7 4000000     -100.98   -140.81    170.49
  19:10:28.7 ea13-ea17    952: 198.969    94.3 4000000   167.046    72.0 4000000     -254.11     -8.14     33.55
  19:10:28.7 ea13-ea15   1467: 228.157   114.3 4000000   155.405   138.5 4000000     -390.42     35.91     -3.60
  19:10:28.7 ea13-ea14   2140: 208.164  -118.9 4000000   129.491   -86.4 4000000     -564.10     92.73    -50.24
  19:10:28.7 ea11-ea28    147:  744.805  43.8 4000000    543.414  43.2 4000000      -35.97    -15.80     21.48
  19:10:28.7 ea11-ea27   1138: 197.883 -138.9 4000000   145.141 -109.2 4000000       19.94   -303.37    344.86
  19:10:28.7 ea11-ea26   3628: 89.440    36.1 4000000   38.499    63.4 4000000     -929.95    273.64   -221.25
  19:10:28.7 ea11-ea25   3040: 128.032    85.6 4000000    84.100   115.9 4000000      743.82    326.05   -444.25
  19:10:28.7 ea11-ea24   4005: 51.387  -141.4 4000000   47.337  -129.1 4000000      979.92    429.93   -584.92
  19:10:28.7 ea11-ea23   6245: 38.427   111.1 4000000   26.862    96.9 4000000     1527.78    671.03   -911.22
  19:10:28.7 ea11-ea22    223: 49.402  43.9 4000000   31.534  51.9 4000000      -28.96    -51.96     62.15
  19:10:28.7 ea11-ea21   4692: 107.052     4.8 4000000    51.143   -37.6 4000000    -1200.69    360.42   -295.56
  19:10:28.7 ea11-ea20    398: 32.834  72.3 4000000   38.883  56.9 4000000      -18.71   -104.67    121.41
  19:10:28.7 ea11-ea17    652:  95.631 120.9 4000000    79.928 101.2 4000000     -171.84     27.99    -15.53
  19:10:28.7 ea11-ea15   1184: 167.312   175.9 4000000    93.112  -176.4 4000000     -308.15     72.05    -52.68
  19:10:28.7 ea11-ea14   1867: 131.711   -80.9 4000000   123.212   -62.1 4000000     -481.83    128.86    -99.33
  19:10:28.7 ea11-ea13    336: 378.605     0.0 4000000   406.576     7.9 4000000       82.27     36.13    -49.08
  19:10:28.7 ea10-ea28   7048: 35.944    15.0 4000000   36.888   -64.6 4000000     1792.93   -576.19    490.46
  19:10:28.7 ea10-ea27   7637: 12.999   -36.7 4000000   26.745    58.8 4000000     1848.84   -863.76    813.84
  19:10:28.7 ea10-ea26   3531: 59.315  -157.7 4000000   31.889   166.4 4000000      898.95   -286.74    247.73
  19:10:28.7 ea10-ea25   9668: 16.848  -130.4 4000000   13.797     5.1 4000000     2572.72   -234.34     24.73
  19:10:28.7 ea10-ea24  10524: 47.624     9.5 4000000   23.693    74.6 4000000     2808.82   -130.46   -115.94
  19:10:28.7 ea10-ea23  12570: 66.599  -126.3 4000000   32.593   165.6 4000000     3356.68    110.64   -442.24
  19:10:28.7 ea10-ea22   7116:  6.930     5.7 4000000   10.694    -9.9 4000000     1799.94   -612.35    531.13
  19:10:28.7 ea10-ea21   2467: 179.937   148.7 4000000   171.886   128.7 4000000      628.22   -199.97    173.43
  19:10:28.7 ea10-ea20   7218: 51.691    77.7 4000000   37.544     4.3 4000000     1810.19   -665.06    590.39
  19:10:28.7 ea10-ea17   6514: 22.011  -120.0 4000000   35.631   -77.2 4000000     1657.07   -532.40    453.45
  19:10:28.7 ea10-ea15   5978:  72.776   -88.5 4000000    68.815   -76.5 4000000     1520.75   -488.34    416.30
  19:10:28.7 ea10-ea14   5294: 125.209    89.1 4000000    36.383    31.7 4000000     1347.08   -431.53    369.65
  19:10:28.7 ea10-ea13   7417: 47.917   119.4 4000000   27.202  -135.1 4000000     1911.17   -524.25    419.90
  19:10:28.7 ea10-ea11   7159: 23.038   150.5 4000000   12.975    25.3 4000000     1828.90   -560.39    468.98
  19:10:28.7 ea09-ea28   5222: 39.177   122.4 4000000   57.708   159.0 4000000    -1277.51   -561.16    761.92
  19:10:28.7 ea09-ea27   5567: 39.717    -4.2 4000000   76.604   -84.4 4000000    -1221.61   -848.73   1085.29
  19:10:28.7 ea09-ea26   8190: 45.892  -130.6 4000000   20.791   -66.9 4000000    -2171.50   -271.72    519.19
  19:10:28.7 ea09-ea25   2036: 163.467    55.2 4000000   161.624    56.3 4000000     -497.72   -219.31    296.19
  19:10:28.7 ea09-ea24   1070: 278.284   141.0 4000000   275.967   115.8 4000000     -261.62   -115.43    155.52
  19:10:28.7 ea09-ea23   1170: 154.253    26.2 4000000   139.189    18.5 4000000      286.24    125.67   -170.78
  19:10:28.7 ea09-ea22   5254: 7.112  -128.9 4000000   4.435   123.3 4000000    -1270.50   -597.32    802.58
  19:10:28.7 ea09-ea21   9166:  7.693   -76.7 4000000   32.493   171.9 4000000    -2442.23   -184.94    444.88
  19:10:28.7 ea09-ea20   5307: 10.498   161.5 4000000   11.651   167.4 4000000    -1260.26   -650.03    861.85
  19:10:28.7 ea09-ea17   5633: 13.287   -57.2 4000000   17.776    92.3 4000000    -1413.38   -517.37    724.91
  19:10:28.7 ea09-ea15   6064:  5.946   -76.4 4000000   27.173   -94.3 4000000    -1549.70   -473.31    687.76
  19:10:28.7 ea09-ea14   6636: 27.244   145.7 4000000   33.811  -122.7 4000000    -1723.37   -416.50    641.11
  19:10:28.7 ea09-ea13   4739: 43.686   -40.7 4000000   20.386    19.6 4000000    -1159.27   -509.23    691.36
  19:10:28.7 ea09-ea11   5075: 26.174   -63.2 4000000   40.658   -81.4 4000000    -1241.54   -545.36    740.44
  19:10:28.7 ea09-ea10  11492: 34.256   -33.3 4000000   25.497  -120.0 4000000    -3070.45     15.03    271.46
  19:10:28.7 ea08-ea28   2573: 200.688   -54.0 4000000   153.614    -4.5 4000000      653.80   -212.26    177.06
  19:10:28.7 ea08-ea27   3249: 213.635   -14.5 4000000   130.583    42.8 4000000      709.71   -499.82    500.44
  19:10:28.7 ea08-ea26    944: 148.541  -176.0 4000000   116.881  -120.7 4000000     -240.18     77.19    -65.67
  19:10:28.7 ea08-ea25   5387: 44.480   161.8 4000000   96.933   -30.4 4000000     1433.59    129.59   -288.67
  19:10:28.7 ea08-ea24   6310: 84.061   160.3 4000000   67.472  -176.3 4000000     1669.69    233.48   -429.34
  19:10:28.7 ea08-ea23   8487: 56.277   178.9 4000000   40.641   -56.4 4000000     2217.55    474.57   -755.64
  19:10:28.7 ea08-ea22   2642: 25.628   -21.3 4000000   17.101    61.7 4000000      660.81   -248.41    217.73
  19:10:28.7 ea08-ea21   2008: 284.845   107.2 4000000   204.064   157.3 4000000     -510.91    163.97   -139.97
  19:10:28.7 ea08-ea20   2753: 121.780    67.5 4000000   101.959    91.6 4000000      671.06   -301.13    276.99
  19:10:28.7 ea08-ea17   2038: 117.361   -78.4 4000000    65.693   -34.1 4000000      517.94   -168.46    140.05
  19:10:28.7 ea08-ea15   1502: 261.192   -95.7 4000000   222.437   -19.4 4000000      381.62   -124.41    102.90
  19:10:28.7 ea08-ea14    818: 351.607    80.8 4000000   314.418   130.0 4000000      207.95    -67.59     56.25
  19:10:28.7 ea08-ea13   2951: 180.394   154.0 4000000   163.509  -143.3 4000000      772.04   -160.32    106.50
  19:10:28.7 ea08-ea11   2684: 152.301   119.5 4000000    94.969  -171.8 4000000      689.77   -196.46    155.58
  19:10:28.7 ea08-ea10   4476:  33.624     3.2 4000000    86.568    54.7 4000000    -1139.13    363.93   -313.40
  19:10:28.7 ea08-ea09   7345: 58.596   -51.0 4000000   22.033   -92.4 4000000     1931.32    348.90   -584.86
  19:10:28.7 ea07-ea28   2865: 60.064   -41.3 4000000   46.398   -80.3 4000000     -146.07    751.41   -844.83
  19:10:28.7 ea07-ea27   1768:  86.099  -38.3 4000000    87.815  -37.2 4000000      -90.16    463.84   -521.46
  19:10:28.7 ea07-ea26   5507: 10.987  -154.9 4000000   19.828  -175.6 4000000    -1040.06   1040.85  -1087.57
  19:10:28.7 ea07-ea25   4729: 27.709    55.2 4000000   26.480   172.4 4000000      633.72   1093.26  -1310.56
  19:10:28.7 ea07-ea24   5538:  9.951    -4.1 4000000   14.574    -5.7 4000000      869.82   1197.14  -1451.23
  19:10:28.7 ea07-ea23   7558: 21.065   138.9 4000000   21.037    11.3 4000000     1417.68   1438.24  -1777.53
  19:10:28.7 ea07-ea22   2727: 7.193  -12.4 4000000   6.552   -3.9 4000000     -139.06    715.25   -804.17
  19:10:28.7 ea07-ea21   6471: 36.577   118.2 4000000   39.927   134.1 4000000    -1310.79   1127.63  -1161.87
  19:10:28.7 ea07-ea20   2526: 41.628    61.8 4000000   47.840    49.8 4000000     -128.81    662.54   -744.91
  19:10:28.7 ea07-ea17   3158: 23.060  -104.2 4000000   29.932  -113.8 4000000     -281.94    795.20   -881.85
  19:10:28.7 ea07-ea15   3509: 65.278   -84.5 4000000   65.202   -74.6 4000000     -418.25    839.26   -919.00
  19:10:28.7 ea07-ea14   4019: 40.643    46.5 4000000   23.240    56.7 4000000     -591.93    896.07   -965.64
  19:10:28.7 ea07-ea13   3008: 45.540 154.1 4000000   80.733 148.8 4000000      -27.83    803.34   -915.40
  19:10:28.7 ea07-ea11   2901: 52.122   129.6 4000000   36.399   145.6 4000000     -110.10    767.21   -866.31
  19:10:28.7 ea07-ea10   8795: 10.951     1.7 4000000   32.465   165.7 4000000    -1939.00   1327.60  -1335.30
  19:10:28.7 ea07-ea09   6486: 33.072   -98.1 4000000   15.088   129.6 4000000     1131.44   1312.57  -1606.75
  19:10:28.7 ea07-ea08   4687: 69.572   -29.6 4000000   37.773   -59.7 4000000     -799.87    963.67  -1021.90
  19:10:28.7 ea06-ea28    669: 54.294 102.1 4000000   35.237 162.1 4000000      -34.11    175.54   -197.42
  19:10:28.7 ea06-ea27    427: 140.491 117.5 4000000   118.938 172.9 4000000       21.80   -112.03    125.95
  19:10:28.7 ea06-ea26   3885: 15.349    -4.0 4000000    2.553   -24.6 4000000     -928.09    464.98   -440.16
  19:10:28.7 ea06-ea25   3397: 18.880    28.9 4000000   20.570    95.0 4000000      745.68    517.39   -663.15
  19:10:28.7 ea06-ea24   4348: 14.551   135.4 4000000    2.912   140.6 4000000      981.78    621.27   -803.82
  19:10:28.7 ea06-ea23   6572:  2.825    43.7 4000000   18.528  -123.4 4000000     1529.64    862.37  -1130.13
  19:10:28.7 ea06-ea22    531: 4.293 -121.3 4000000   2.826  -81.8 4000000      -27.10    139.38   -156.76
  19:10:28.7 ea06-ea21   4939:  7.897   -24.0 4000000   24.299    22.9 4000000    -1198.82    551.76   -514.46
  19:10:28.7 ea06-ea20    330: 96.597 -118.3 4000000   82.742  -83.0 4000000      -16.85     86.67    -97.50
  19:10:28.7 ea06-ea17   1039: 28.469    90.7 4000000   29.066   158.8 4000000     -169.97    219.33   -234.44
  19:10:28.7 ea06-ea15   1512: 40.713    75.9 4000000   36.632   141.5 4000000     -306.29    263.39   -271.59
  19:10:28.7 ea06-ea14   2159: 35.593  -133.0 4000000   18.424   -91.0 4000000     -479.96    320.20   -318.23
  19:10:28.7 ea06-ea13    908: 50.568   -18.0 4000000   64.390    63.6 4000000       84.13    227.48   -267.99
  19:10:28.7 ea06-ea11    716: 40.453   -45.0 4000000   24.825    15.0 4000000        1.86    191.34   -218.90
  19:10:28.7 ea06-ea10   7394:  6.548   161.9 4000000   13.016   -86.5 4000000    -1827.04    751.73   -687.89
  19:10:28.7 ea06-ea09   5409: 13.844    45.5 4000000   22.635    35.4 4000000     1243.41    736.70   -959.34
  19:10:28.7 ea06-ea08   2955: 28.746   152.3 4000000   33.683   146.2 4000000     -687.91    387.80   -374.49
  19:10:28.7 ea06-ea07   2196: 18.061  -168.1 4000000   15.839  -113.2 4000000      111.96   -575.87    647.41
  19:10:28.7 ea05-ea28   1590: 189.858   -78.6 4000000    65.322   -45.3 4000000     -388.93   -170.74    232.05
  19:10:28.7 ea05-ea27   2120: 225.541   -39.5 4000000    49.831    21.9 4000000     -333.02   -458.31    555.42
  19:10:28.7 ea05-ea26   4822: 36.176    55.1 4000000   12.456   128.0 4000000    -1282.91    118.70    -10.69
  19:10:28.7 ea05-ea25   1597: 234.332  -161.1 4000000    87.917  -124.8 4000000      390.86    171.11   -233.68
  19:10:28.7 ea05-ea24   2562: 133.360  -100.1 4000000    48.815   -46.9 4000000      626.96    274.99   -374.35
  19:10:28.7 ea05-ea23   4802:  5.578   -61.0 4000000   17.699  -143.0 4000000     1174.82    516.09   -700.66
  19:10:28.7 ea05-ea22   1626: 18.622   -60.5 4000000    5.865   -32.0 4000000     -381.92   -206.90    272.71
  19:10:28.7 ea05-ea21   5865: 60.573   107.9 4000000   27.420   179.8 4000000    -1553.65    205.48    -84.99
  19:10:28.7 ea05-ea20   1697: 93.047    25.3 4000000   11.988    78.3 4000000     -371.67   -259.61    331.97
  19:10:28.7 ea05-ea17   2021: 60.587   -76.4 4000000   22.016   -19.8 4000000     -524.80   -126.95    195.03
  19:10:28.7 ea05-ea15   2494: 147.194  -109.2 4000000    70.213   -66.1 4000000     -661.11    -82.89    157.88
  19:10:28.7 ea05-ea14   3126: 124.162     3.3 4000000    45.450    45.6 4000000     -834.79    -26.08    111.24
  19:10:28.7 ea05-ea13   1106: 156.826   124.7 4000000    76.425   170.7 4000000     -270.69   -118.80    161.48
  19:10:28.7 ea05-ea11   1443: 162.189    89.5 4000000    50.567   147.8 4000000     -352.96   -154.94    210.56
  19:10:28.7 ea05-ea10   8306: 42.665   -61.3 4000000   13.751  -105.3 4000000    -2181.86    405.45   -258.42
  19:10:28.7 ea05-ea09   3632: 126.311   137.9 4000000    36.678  -121.8 4000000      888.58    390.42   -529.87
  19:10:28.7 ea05-ea08   3906: 131.460   -33.3 4000000    33.882   -84.6 4000000    -1042.73     41.52     54.98
  19:10:28.7 ea05-ea07   3569: 43.438   -34.1 4000000    4.225    17.0 4000000     -242.86   -922.15   1076.88
  19:10:28.7 ea05-ea06   1856: 40.485  -172.6 4000000    7.612   175.0 4000000     -354.82   -346.28    429.47
  19:10:28.7 ea04-ea28    163: 1519.931  -12.9 4000000   1298.272   -9.4 4000000       41.36    -13.32     11.28
  19:10:28.7 ea04-ea27   1183: 290.159  -76.2 4000000   283.529  -67.3 4000000       97.27   -300.89    334.66
  19:10:28.7 ea04-ea26   3354: 89.617    76.7 4000000   40.902   112.0 4000000     -852.62    276.12   -231.45
  19:10:28.7 ea04-ea25   3310: 159.423   144.2 4000000   161.105   172.7 4000000      821.15    328.53   -454.45
  19:10:28.7 ea04-ea24   4275: 87.735  -133.9 4000000   87.424   -68.4 4000000     1057.25    432.41   -595.12
  19:10:28.7 ea04-ea23   6515: 84.538     7.1 4000000   28.590   112.0 4000000     1605.11    673.51   -921.42
  19:10:28.7 ea04-ea22    259: 40.952 -151.3 4000000   61.081 -157.5 4000000       48.37    -49.48     51.95
  19:10:28.7 ea04-ea21   4418: 124.254    65.2 4000000    61.293    53.1 4000000    -1123.35    362.90   -305.76
  19:10:28.7 ea04-ea20    441: 274.706  85.6 4000000   289.559  73.7 4000000       58.62   -102.20    111.21
  19:10:28.7 ea04-ea17    372: 162.260  -86.9 4000000    80.911  -61.4 4000000      -94.50     30.47    -25.73
  19:10:28.7 ea04-ea15    908: 393.742  -140.1 4000000   354.703  -115.4 4000000     -230.82     74.53    -62.88
  19:10:28.7 ea04-ea14   1592: 225.870   -13.8 4000000   156.334   -11.3 4000000     -404.49    131.34   -109.53
  19:10:28.7 ea04-ea13    615: 206.112    57.4 4000000   153.938    65.9 4000000      159.60     38.61    -59.28
  19:10:28.7 ea04-ea11    290: 422.922    4.6 4000000   371.783   13.2 4000000       77.33      2.48    -10.20
  19:10:28.7 ea04-ea10   6886:  87.875   -40.6 4000000    46.275  -105.1 4000000    -1751.57    562.87   -479.18
  19:10:28.7 ea04-ea09   5345: 71.407   170.8 4000000   86.341   127.6 4000000     1318.88    547.84   -750.64
  19:10:28.7 ea04-ea08   2410: 170.385   -69.9 4000000   123.296  -121.1 4000000     -612.44    198.94   -165.78
  19:10:28.7 ea04-ea07   2947: 42.401   -84.9 4000000   38.703   -41.0 4000000      187.43   -764.73    856.11
  19:10:28.7 ea04-ea06    761: 43.869   169.3 4000000   51.988   116.1 4000000       75.47   -188.86    208.71
  19:10:28.7 ea04-ea05   1715: 155.353   -51.1 4000000    16.704   -51.6 4000000      430.29    157.42   -220.76
  19:10:28.7 ea03-ea28   5760: 19.634     1.3 4000000   13.501    37.6 4000000     1464.66   -472.84    398.91
  19:10:28.7 ea03-ea27   6363: 22.119    -3.7 4000000   18.633    37.7 4000000     1520.57   -760.41    722.28
  19:10:28.7 ea03-ea26   2243: 17.535  -137.8 4000000   11.942  -156.6 4000000      570.68   -183.40    156.17
  19:10:28.7 ea03-ea25   8414:  3.215  -172.0 4000000   15.315   -54.8 4000000     2244.45   -130.99    -66.82
  19:10:28.7 ea03-ea24   9284:  2.055   -27.2 4000000    4.194   -55.7 4000000     2480.55    -27.11   -207.49
  19:10:28.7 ea03-ea23  11362: 6.896   -50.2 4000000   9.692   105.1 4000000     3028.41    213.99   -533.80
  19:10:28.7 ea03-ea22   5828: 2.158    37.0 4000000   1.505   105.9 4000000     1471.67   -509.00    439.57
  19:10:28.7 ea03-ea21   1179: 39.260   140.5 4000000   38.771   137.8 4000000      299.94    -96.62     81.87
  19:10:28.7 ea03-ea20   5931:  3.909    19.0 4000000   13.102    36.6 4000000     1481.92   -561.71    498.83
  19:10:28.7 ea03-ea17   5226:  9.874   -32.1 4000000    9.800   -33.6 4000000     1328.79   -429.05    361.89
  19:10:28.7 ea03-ea15   4690: 25.673   -58.9 4000000   19.593   -88.3 4000000     1192.48   -384.99    324.74
  19:10:28.7 ea03-ea14   4006: 20.974    66.7 4000000   23.865   103.8 4000000     1018.80   -328.18    278.10
  19:10:28.7 ea03-ea13   6130: 12.233   130.5 4000000   19.967  -136.3 4000000     1582.90   -420.91    328.34
  19:10:28.7 ea03-ea11   5871:  8.800  -167.5 4000000    4.131   -98.8 4000000     1500.63   -457.04    377.42
  19:10:28.7 ea03-ea10   1288: 20.956   -27.1 4000000   25.766    21.3 4000000     -328.27    103.35    -91.56
  19:10:28.7 ea03-ea09  10268: 7.611  -120.0 4000000   2.595   113.9 4000000     2742.17     88.32   -363.01
  19:10:28.7 ea03-ea08   3188: 28.049    76.3 4000000   30.500     4.3 4000000      810.86   -260.58    221.84
  19:10:28.7 ea03-ea07   7572: 9.409    15.1 4000000   5.710   -92.7 4000000     1610.73  -1224.25   1243.74
  19:10:28.7 ea03-ea06   6112: 4.337   111.8 4000000   2.086   118.7 4000000     1498.77   -648.38    596.33
  19:10:28.7 ea03-ea05   7029:  6.419   -83.5 4000000    1.348    61.2 4000000     1853.59   -302.10    166.86
  19:10:28.7 ea03-ea04   5598:  8.820    86.3 4000000   16.642   119.6 4000000     1423.30   -459.52    387.62
  19:10:28.7 ea02-ea28   3604: 52.746    35.3 4000000    4.270   116.2 4000000     -183.65    945.27  -1062.03
  19:10:28.7 ea02-ea27   2508:  81.292    86.5 4000000   103.610   136.1 4000000     -127.74    657.70   -738.65
  19:10:28.7 ea02-ea26   6134: 13.709  -127.1 4000000   17.029    48.0 4000000    -1077.64   1234.71  -1304.76
  19:10:28.7 ea02-ea25   5309: 24.161   -51.0 4000000   16.270     4.9 4000000      596.14   1287.12  -1527.76
  19:10:28.7 ea02-ea24   6067: 15.073     6.9 4000000    9.611   -99.2 4000000      832.24   1391.00  -1668.43
  19:10:28.7 ea02-ea23   7999: 30.859   -88.1 4000000   18.483  -142.4 4000000     1380.10   1632.10  -1994.73
  19:10:28.7 ea02-ea22   3466: 4.628    77.3 4000000   4.673  -152.6 4000000     -176.64    909.11  -1021.36
  19:10:28.7 ea02-ea21   7066: 34.278   -66.9 4000000   31.868  -117.8 4000000    -1348.37   1321.49  -1379.07
  19:10:28.7 ea02-ea20   3265: 33.474   154.6 4000000   19.576  -175.0 4000000     -166.40    856.39   -962.10
  19:10:28.7 ea02-ea17   3890: 22.201   -22.5 4000000   24.599   104.8 4000000     -319.52    989.06  -1099.04
  19:10:28.7 ea02-ea15   4226: 33.097    23.7 4000000    9.109    84.8 4000000     -455.84   1033.12  -1136.19
  19:10:28.7 ea02-ea14   4711: 32.445   104.3 4000000   46.524  -121.3 4000000     -629.51   1089.93  -1182.84
  19:10:28.7 ea02-ea13   3740: 72.970  -120.6 4000000   25.879   -70.8 4000000      -65.41    997.20  -1132.59
  19:10:28.7 ea02-ea11   3639: 31.519  -154.9 4000000   17.342  -108.6 4000000     -147.68    961.07  -1083.51
  19:10:28.7 ea02-ea10   9335: 25.512   170.4 4000000   30.686  -168.6 4000000    -1976.58   1521.46  -1552.49
  19:10:28.7 ea02-ea09   6968: 11.719  -131.6 4000000    8.520    84.0 4000000     1093.86   1506.43  -1823.95
  19:10:28.7 ea02-ea08   5347: 32.578    63.8 4000000   21.621    90.8 4000000     -837.46   1157.52  -1239.09
  19:10:28.7 ea02-ea07    739: 69.465 115.1 4000000   74.336 166.7 4000000      -37.58    193.86   -217.20
  19:10:28.7 ea02-ea06   2935: 12.999   -65.3 4000000   17.250   -65.6 4000000     -149.54    769.73   -864.60
  19:10:28.7 ea02-ea05   4247:  7.875    -3.9 4000000    5.871  -149.2 4000000      205.28   1116.01  -1294.07
  19:10:28.7 ea02-ea04   3685: 32.240  -179.3 4000000   36.011  -178.6 4000000     -225.01    958.59  -1073.31
  19:10:28.7 ea02-ea03   8138: 4.778    33.6 4000000   2.638   -80.3 4000000    -1648.31   1418.11  -1460.93
  19:10:28.7 ea01-ea28   2199: 47.753   173.2 4000000   29.984  -178.1 4000000     -112.15    576.66   -648.57
  19:10:28.7 ea01-ea27   1102: 215.917  -122.8 4000000   117.702  -126.8 4000000      -56.24    289.10   -325.19
  19:10:28.7 ea01-ea26   4969: 23.208    72.8 4000000   16.621    76.3 4000000    -1006.13    866.11   -891.30
  19:10:28.7 ea01-ea25   4250: 21.950    86.9 4000000    4.778   153.8 4000000      667.64    918.52  -1114.30
  19:10:28.7 ea01-ea24   5107: 31.871   115.4 4000000   20.985   124.7 4000000      903.74   1022.40  -1254.97
  19:10:28.7 ea01-ea23   7202: 11.759  -149.9 4000000   11.907   116.0 4000000     1451.60   1263.50  -1581.27
  19:10:28.7 ea01-ea22   2061:  9.507  -135.1 4000000    8.996  -109.9 4000000     -105.14    540.51   -607.90
  19:10:28.7 ea01-ea21   5963: 55.966    17.2 4000000   24.394    56.1 4000000    -1276.86    952.89   -965.60
  19:10:28.7 ea01-ea20   1860: 33.535   -55.8 4000000   22.867   -57.9 4000000      -94.89    487.79   -548.64
  19:10:28.7 ea01-ea17   2501: 27.368   169.7 4000000   18.034  -169.5 4000000     -248.01    620.46   -685.58
  19:10:28.7 ea01-ea15   2873: 104.730   164.1 4000000    54.541   153.5 4000000     -384.33    664.52   -722.73
  19:10:28.7 ea01-ea14   3413: 110.478   -63.9 4000000    28.014   -66.6 4000000     -558.00    721.33   -769.38
  19:10:28.7 ea01-ea13   2353: 99.064  66.5 4000000   49.694  70.1 4000000        6.09    628.60   -719.13
  19:10:28.7 ea01-ea11   2236: 62.436    0.7 4000000   22.715   -9.5 4000000      -76.18    592.47   -670.05
  19:10:28.7 ea01-ea10   8334: 27.003   -47.4 4000000   27.599   -89.1 4000000    -1905.08   1152.86  -1139.03
  19:10:28.7 ea01-ea09   6096: 24.668    90.6 4000000   49.185   142.5 4000000     1165.37   1137.83  -1410.49
  19:10:28.7 ea01-ea08   4115: 61.268   -99.2 4000000   53.882  -149.3 4000000     -765.95    788.92   -825.63
  19:10:28.7 ea01-ea07    666: 53.830  -74.8 4000000   38.975  -84.4 4000000       33.92   -174.74    196.27
  19:10:28.7 ea01-ea06   1529: 25.470   107.2 4000000   11.083    40.6 4000000      -78.04    401.13   -451.14
  19:10:28.7 ea01-ea05   2983: 35.691   -51.9 4000000   17.734   -97.1 4000000      276.78    747.41   -880.61
  19:10:28.7 ea01-ea04   2282: 61.688   -47.8 4000000   44.324   -47.1 4000000     -153.51    589.99   -659.85
  19:10:28.7 ea01-ea03   7089: 8.969   176.5 4000000   3.031  -120.2 4000000    -1576.81   1049.51  -1047.47
  19:10:28.7 ea01-ea02   1405: 53.456   162.4 4000000   49.977    89.9 4000000       71.50   -368.60    413.46
